service_id,monday,tuesday,wednesday,thursday,friday,saturday,sunday,start_date,end_date
1,1,1,1,1,1,0,0,20250630,20251031
2,0,0,0,0,0,1,0,20250705,20251025
3,0,0,0,0,1,0,0,20250704,20251031
4,1,1,1,1,1,0,0,20250630,20250829
5,0,0,0,0,1,0,0,20250704,20250829
6,1,1,1,1,0,0,0,20250630,20250828
7,1,0,0,0,0,0,0,20250630,20250825
8,0,0,0,1,0,0,0,20250703,20250828
9,0,1,0,0,0,0,0,20250701,20250826
10,0,0,1,0,0,0,0,20250702,20250827
11,1,0,0,0,0,0,0,20250630,20251027
12,0,1,0,0,0,0,0,20250701,20251028
13,0,0,1,0,0,0,0,20250702,20251029
14,0,0,0,0,0,0,1,20250629,20251026
15,1,1,1,1,1,0,0,20250630,20251030
16,0,0,0,0,0,1,1,20250629,20250831
17,1,1,1,1,1,0,0,20250630,20251219
18,1,0,0,0,0,0,1,20250629,20251027
19,1,1,1,1,1,1,0,20250630,20251031
20,1,1,1,1,1,0,0,20250630,20251009
21,0,0,0,0,0,1,0,20250705,20251004
22,0,0,0,0,0,0,1,20250629,20251005
23,0,0,0,0,1,0,0,20250704,20251003
24,0,0,0,1,0,0,0,20250703,20251030
25,0,0,0,0,0,0,1,20250629,20250831
26,1,0,0,0,0,0,0,20250630,20250915
27,0,0,0,0,0,1,0,20250705,20250913
28,0,0,0,0,0,0,1,20250629,20250914
29,1,1,1,1,1,0,0,20250630,20250919
30,0,0,0,0,1,0,0,20250704,20250919
31,1,1,1,1,1,1,1,20250629,20250919
32,1,1,1,1,1,1,1,20250629,20260630
33,0,0,0,0,0,0,1,20250629,20260628
34,1,0,0,0,1,0,0,20250630,20260629
35,0,0,0,0,1,0,0,20250704,20260626
36,1,1,1,1,1,1,0,20250630,20260630
37,0,0,0,0,1,0,0,20250704,20251024
38,1,1,1,1,1,1,1,20250629,20251031
39,1,1,1,1,0,0,0,20250630,20260630
40,1,1,1,1,1,0,0,20250630,20260123
41,1,1,1,1,1,1,1,20250629,20260123
42,1,1,1,1,1,0,0,20250630,20260324
43,0,0,0,0,0,0,0,20250804,20251027
44,1,0,0,0,1,0,1,20250629,20251031
45,0,0,0,0,0,0,0,20250804,20250804
46,1,1,1,1,1,0,0,20250630,20250721
47,0,0,0,0,0,1,0,20250705,20250719
48,0,0,0,0,0,0,1,20250629,20250720
49,0,0,0,0,1,0,0,20250704,20250718
50,1,0,0,0,0,0,1,20250629,20250831
51,1,1,1,1,1,0,0,20250630,20260630
52,1,1,1,1,1,0,0,20250630,20250826
53,0,0,0,0,0,1,0,20250705,20260627
54,1,1,1,1,1,1,1,20250629,20251015
55,1,1,1,1,1,0,0,20250630,20251015
56,0,0,0,0,1,0,0,20250704,20251010
57,1,1,1,1,0,0,0,20250630,20251030
58,1,1,1,1,1,0,0,20250630,20251211
59,0,0,0,0,0,1,0,20250705,20251206
60,0,0,0,0,1,0,0,20250704,20251205
61,1,1,1,1,1,0,1,20250629,20251211
62,1,1,1,1,1,1,1,20250701,20250831
63,1,1,1,1,1,1,1,20250629,20250930
64,1,1,1,1,1,1,1,20250629,20250921
65,1,1,1,1,1,0,0,20250630,20251212
66,0,0,0,0,0,1,0,20250705,20251213
67,0,0,0,0,0,0,1,20250629,20251207
68,1,1,1,1,1,0,0,20250630,20251212
69,1,1,1,1,1,1,0,20250630,20251213
70,1,1,1,1,1,1,0,20250630,20251213
71,1,1,1,1,0,1,0,20250630,20251213
72,0,0,0,0,1,0,0,20250704,20251212
73,0,0,0,0,0,0,0,20251027,20251027
74,1,1,1,1,0,0,0,20250630,20251211
75,0,0,0,0,0,0,1,20250629,20251207
76,1,0,0,0,0,0,0,20250630,20251208
77,0,1,1,1,1,0,0,20250701,20251212
78,0,0,0,0,1,1,0,20250704,20251213
79,1,1,1,1,0,1,0,20250630,20251213
80,1,1,1,1,1,1,0,20250630,20251230
81,1,1,1,1,1,1,1,20250629,20260314
82,1,1,1,1,1,0,0,20250630,20250829
83,0,0,0,0,0,1,0,20250705,20250830
84,0,0,0,1,1,0,0,20250703,20250829
85,1,1,1,1,1,0,0,20250701,20250829
86,0,0,0,0,0,1,1,20250629,20251026
87,1,1,1,1,1,0,0,20250630,20260410
88,0,0,0,0,0,1,0,20250705,20260411
89,0,0,0,0,0,0,1,20250629,20260405
90,0,1,0,0,1,0,0,20250701,20260630
91,0,0,0,0,1,1,1,20250629,20260628
92,0,1,0,1,0,0,0,20250701,20260630
93,0,0,0,0,1,0,0,20250704,20260626
94,1,0,0,0,0,0,0,20250630,20260629
95,0,0,0,0,0,0,1,20250629,20260628
96,0,0,0,1,0,0,0,20250703,20260625
97,0,1,0,0,0,0,0,20250701,20260630
98,0,0,1,0,0,0,0,20250702,20260624
99,1,0,0,0,0,0,0,20250630,20260629
100,0,0,0,1,0,0,0,20250703,20260625
101,0,1,0,0,0,0,0,20250701,20260630
102,0,0,0,0,0,0,1,20250629,20250629
103,1,1,1,1,1,0,0,20250630,20251014
104,0,0,0,0,0,1,1,20250629,20251012
105,1,1,1,1,1,1,1,20250629,20251014
106,1,1,1,1,1,1,0,20250630,20251014
107,0,0,0,0,0,0,1,20250629,20251012
108,0,0,0,0,0,1,0,20250705,20251011
109,1,0,0,0,0,0,0,20250630,20250630
110,0,0,0,0,0,0,1,20250629,20260628
111,1,1,1,1,1,1,1,20250629,20260503
112,1,1,1,1,1,0,0,20250630,20260501
113,1,1,1,1,1,0,0,20250630,20250930
114,0,0,0,0,1,0,0,20250704,20250926
115,0,0,0,0,0,0,1,20250629,20250928
116,1,1,1,1,0,0,0,20250630,20250930
117,0,1,0,0,0,0,0,20250701,20251125
118,0,0,1,0,0,0,0,20250702,20251126
119,0,0,0,1,0,0,0,20250703,20251127
120,0,0,0,0,1,0,0,20250704,20251128
121,1,0,0,0,0,0,0,20250630,20251124
122,0,0,0,0,0,1,0,20250705,20251129
123,0,0,0,0,0,0,1,20250629,20251123
124,1,1,1,1,1,1,1,20250629,20250912
125,1,1,1,1,1,1,0,20250630,20250912
126,1,1,1,1,1,1,1,20250629,20260109
127,1,1,1,1,1,0,0,20250630,20260109
128,0,0,0,0,0,1,0,20250705,20260103
129,0,0,0,0,0,0,1,20250629,20260104
130,0,0,0,0,0,1,0,20250705,20251227
131,0,0,0,0,0,0,1,20250629,20251228
132,0,0,0,0,0,0,1,20250629,20260628
133,0,0,0,0,0,0,0,20250705,20260627
134,0,0,0,0,0,0,0,20250629,20260628
135,0,0,0,0,0,0,0,20250630,20260630
136,0,0,0,0,0,0,0,20250706,20260601
137,0,0,0,0,1,0,0,20250704,20260626
138,0,0,0,0,0,0,0,20250630,20260629
139,0,0,0,0,0,1,0,20250705,20260627
140,0,0,0,0,0,0,1,20250629,20260628
141,0,0,0,1,0,0,0,20250703,20260625
142,0,1,0,0,0,0,0,20250701,20260630
143,0,0,1,0,0,0,0,20250702,20260624
144,0,0,0,0,1,0,0,20251003,20260327
145,1,0,0,0,0,0,0,20251006,20260330
146,0,0,0,0,0,1,0,20251004,20260328
147,0,0,0,0,0,0,1,20251005,20260601
148,0,0,0,1,0,0,0,20251002,20260326
149,0,1,0,0,0,0,0,20251007,20260331
150,0,0,1,0,0,0,0,20251001,20260325
151,1,1,1,1,1,0,0,20250630,20251031
152,1,1,1,1,1,0,0,20250630,20260630
160,1,1,1,1,1,1,1,20250629,20250708
161,1,1,1,1,1,1,1,20250709,20260630
162,1,1,1,1,1,1,1,20250709,20251029
163,1,1,1,1,1,1,1,20250709,20260630
164,0,0,0,0,0,0,0,20250804,20260601
165,0,0,0,0,1,0,1,20250629,20260628
166,1,1,1,1,1,0,0,20250630,20250725
167,0,0,0,0,1,0,0,20250704,20250725
168,1,1,1,1,1,1,0,20250630,20250725
172,0,0,0,0,0,1,0,20250712,20250712
180,0,0,0,0,0,0,0,20250713,20250713
182,0,0,0,0,0,0,0,20250810,20250810
196,1,1,1,1,1,0,0,20250630,20250704
200,0,0,0,0,0,1,0,20250705,20250705
201,0,0,0,0,0,0,0,20250726,20250726
208,0,0,0,0,0,0,1,20250706,20250706
221,0,0,0,0,0,0,0,20250809,20250809
253,0,0,0,0,0,1,0,20250705,20250823
259,1,0,0,0,0,0,0,20250630,20251215
260,0,1,0,0,0,0,0,20250701,20251216
261,0,0,1,0,0,0,0,20250702,20251217
262,0,0,0,1,0,0,0,20250703,20251218
263,0,0,0,0,1,0,0,20250704,20251219
264,0,0,0,0,0,1,0,20250705,20251220
265,0,0,0,0,0,0,1,20250629,20251214
266,0,0,0,0,0,1,0,20250705,20251122
267,1,0,0,0,0,0,0,20250901,20251117
268,0,1,0,0,0,0,0,20250902,20251118
269,0,0,1,0,0,0,0,20250903,20251119
270,0,0,0,1,0,0,0,20250904,20251120
271,0,0,0,0,1,0,0,20250905,20251121
272,1,0,0,0,0,0,0,20250630,20250825
273,0,1,0,0,0,0,0,20250701,20251028
274,0,0,1,0,0,0,0,20250702,20251029
275,0,0,0,1,0,0,0,20250703,20251030
276,0,0,0,0,1,0,0,20250704,20251031
277,0,0,0,0,0,0,1,20250629,20251116
278,1,1,1,1,1,0,0,20250707,20251003
279,0,0,0,0,0,1,0,20250712,20251004
280,0,0,0,0,0,0,1,20250706,20250928
281,1,0,0,0,0,0,0,20250630,20250818
282,0,0,1,0,0,0,0,20250702,20250820
283,0,0,0,1,0,0,0,20250703,20250821
284,0,1,0,0,0,0,0,20250701,20250819
285,0,0,0,0,1,0,0,20250704,20250822
286,0,0,0,0,0,0,0,20250825,20250922
287,0,0,0,0,0,0,0,20250826,20250923
288,0,0,0,0,0,0,0,20250827,20250924
289,0,0,0,0,0,0,0,20250830,20250927
290,0,0,0,0,0,0,0,20250828,20250925
291,0,0,0,0,0,0,0,20250829,20250926
292,0,1,0,0,0,0,0,20250930,20251230
293,0,0,0,0,0,0,0,20250929,20251229
294,0,0,0,0,0,0,0,20251002,20251218
295,0,0,1,0,0,0,0,20251001,20251224
296,0,0,0,0,0,1,0,20251004,20251227
297,0,0,0,0,0,0,0,20251003,20251219
298,0,0,0,0,0,0,1,20250629,20250817
299,0,0,0,0,0,0,0,20250824,20250928
300,0,0,0,0,0,0,0,20251005,20251228
301,0,0,0,0,0,0,1,20250706,20260628
302,0,0,0,0,1,0,0,20250718,20260626
303,1,0,0,0,0,0,0,20250714,20260629
304,0,0,0,0,0,1,0,20250719,20260627
305,0,0,0,1,0,0,0,20250717,20260625
306,0,1,0,0,0,0,0,20250715,20260630
307,0,0,1,0,0,0,0,20250716,20260624
308,0,0,0,0,1,0,0,20250704,20250711
309,1,0,0,0,0,0,0,20250630,20250707
310,0,0,0,0,0,1,0,20250705,20250712
311,0,0,0,1,0,0,0,20250703,20250710
312,0,1,0,0,0,0,0,20250701,20250708
313,0,0,1,0,0,0,0,20250702,20250709
314,0,0,0,0,0,0,1,20250629,20250713
315,0,0,0,0,0,0,1,20250720,20260628
316,0,0,0,0,0,0,0,20250704,20260626
317,0,0,0,0,0,0,0,20250630,20260629
318,0,0,0,0,0,0,0,20250705,20260627
319,0,0,0,0,0,0,0,20250629,20260628
320,0,0,0,0,0,0,0,20250703,20260625
321,0,0,0,0,0,0,0,20250701,20260630
322,0,0,0,0,0,0,0,20250702,20260624
323,0,0,0,0,1,0,0,20251003,20260424
324,1,0,0,0,0,0,0,20251006,20260427
325,0,0,0,0,0,1,0,20251004,20260425
326,0,0,0,0,0,0,1,20251005,20260601
327,0,0,0,1,0,0,0,20251002,20260430
328,0,1,0,0,0,0,0,20251007,20260428
329,0,0,1,0,0,0,0,20251001,20260429
330,1,0,0,0,0,0,0,20250707,20260629
331,0,0,0,0,1,0,0,20250801,20260626
332,1,0,0,0,0,0,0,20250728,20260629
333,0,0,0,0,0,1,0,20250802,20260627
334,0,0,0,1,0,0,0,20250731,20260625
335,0,1,0,0,0,0,0,20250729,20260630
336,0,0,1,0,0,0,0,20250730,20260624
337,1,0,0,0,0,0,0,20250630,20250721
338,0,0,0,0,0,1,0,20250705,20250726
339,0,0,0,1,0,0,0,20250703,20250724
340,0,1,0,0,0,0,0,20250701,20250722
341,0,0,1,0,0,0,0,20250702,20250723
342,0,0,0,0,0,0,1,20250629,20250727
343,0,0,0,0,0,0,1,20250803,20260628
344,0,0,0,0,0,0,0,20250803,20260531
345,0,0,0,0,1,0,0,20250905,20260529
346,1,0,0,0,0,0,0,20250901,20260525
347,0,0,0,1,0,0,0,20250904,20260528
348,0,1,0,0,0,0,0,20250902,20260526
349,0,0,1,0,0,0,0,20250903,20260527
350,1,1,1,1,1,0,0,20250701,20251031
351,1,1,1,1,1,0,0,20251103,20260626
352,0,0,0,0,0,0,0,20260629,20260629
353,1,1,1,1,1,0,0,20250701,20260630
354,0,0,0,0,0,0,0,20250701,20260630
355,1,1,1,1,1,1,0,20251101,20260630
356,0,0,0,0,0,0,0,20250701,20260630
357,1,1,1,1,1,0,0,20250728,20260630
358,0,0,0,0,0,0,1,20250727,20260628
359,1,1,1,1,1,1,0,20250728,20260630
360,0,1,0,0,0,0,0,20250701,20250701
361,0,0,0,0,0,0,0,20250811,20250811
362,1,1,1,1,1,0,0,20250701,20251212
363,0,0,0,0,0,1,0,20250705,20251213
364,0,0,0,0,0,0,1,20250706,20251207
365,1,1,1,1,1,0,0,20250701,20251212
366,0,0,0,0,1,0,0,20250704,20250704
367,0,0,0,0,0,1,0,20250705,20251213
368,0,0,0,0,0,0,1,20250706,20251207
369,1,1,1,1,1,0,0,20250701,20251212
370,1,1,1,1,1,1,0,20250701,20251213
371,1,1,1,1,1,1,0,20250701,20251213
372,1,1,1,1,1,1,0,20250701,20251213
373,0,0,0,0,0,1,0,20250705,20251213
374,1,1,1,1,0,1,0,20250701,20251213
375,1,1,1,1,1,1,0,20250704,20251213
376,0,1,1,1,0,0,0,20250701,20250703
377,1,0,1,1,0,0,0,20250707,20250710
378,0,1,0,0,0,0,0,20250708,20250708
379,1,1,1,1,1,1,0,20250701,20251213
380,1,1,1,1,1,1,0,20250701,20251213
381,1,1,1,1,1,1,0,20250701,20251213
382,1,1,1,1,0,1,0,20250701,20251213
383,1,1,1,1,0,0,0,20250701,20251211
384,0,0,0,0,0,1,0,20250719,20251213
385,1,1,1,1,1,0,0,20250701,20251212
386,0,0,0,0,0,0,0,20250716,20250716
387,1,1,1,1,0,1,0,20250701,20251213
388,1,1,1,1,1,1,0,20250704,20251213
389,1,1,1,1,0,0,0,20250701,20251211
390,1,1,1,1,1,1,0,20250701,20251213
391,1,1,1,1,1,1,0,20250701,20251213
392,1,1,1,1,1,1,0,20250701,20251213
393,1,1,1,1,1,1,0,20250704,20251213
394,1,1,1,1,1,1,0,20250704,20251213
395,0,0,0,0,0,0,1,20250706,20251207
396,1,0,0,0,0,0,0,20250707,20251208
397,1,1,1,1,1,1,0,20250701,20251213
398,0,0,0,0,0,0,1,20250713,20251207
399,1,1,1,1,1,1,0,20250701,20251213
400,0,0,0,0,1,1,0,20250704,20251213
401,1,1,1,1,0,1,0,20250701,20251213
402,1,1,1,1,1,1,0,20250701,20251213
403,0,0,0,1,1,1,0,20250703,20251213
404,0,1,1,0,0,0,0,20250701,20250702
405,1,0,1,0,0,0,0,20250707,20250709
406,0,0,0,0,0,0,0,20250714,20250716
407,0,0,0,0,0,0,0,20250728,20250730
408,0,0,0,0,0,0,0,20250721,20250723
409,0,0,0,0,0,0,0,20250805,20250806
410,0,0,0,0,0,0,0,20250811,20250813
411,0,0,0,0,0,0,0,20250818,20250820
412,0,0,0,0,0,0,0,20250825,20250827
413,0,0,0,0,0,0,0,20250901,20250903
414,0,0,0,0,0,0,0,20250908,20250910
415,0,0,0,0,0,0,0,20250915,20250917
416,0,0,0,0,0,0,0,20250922,20250924
417,0,0,0,0,0,0,0,20250929,20251001
418,0,0,0,0,0,0,0,20251006,20251008
419,0,0,0,0,0,0,0,20251013,20251015
420,0,0,0,0,0,0,0,20251020,20251022
421,0,0,0,0,0,0,0,20251028,20251029
422,0,0,0,0,0,0,0,20251103,20251105
423,0,0,0,0,0,0,0,20251110,20251112
424,0,0,0,0,0,0,0,20251117,20251119
425,0,0,0,0,0,0,0,20251124,20251126
426,0,0,0,0,0,0,0,20251201,20251203
427,0,0,0,0,0,0,0,20251208,20251210
428,0,0,0,1,1,1,0,20250703,20251213
429,1,1,1,0,0,0,0,20250707,20250709
